Year 	55+ 	35-54
1990 	35.95575 	33.05769
1991 	37.26949 	32.83087
1992 	35.4971 	32.77186
1993 	34.2719 	32.60011
1994 	33.97447 	32.61549
1995 	39.34637 	32.76463
1996 	33.67525 	32.49366
1997 	33.57679 	31.54962
1998 	35.8581 	32.01616
1999 	36.82023 	33.58703
2000 	34.49822 	33.79418
2001 	34.04021 	34.31253
2002 	37.65356 	34.71952
2003 	33.27655 	35.40585
2004 	32.81682 	34.96087
2005 	33.23863 	34.90056
2006 	32.4699 	34.98441
2007 	35.22369 	35.22369
2008 	34.68394 	33.83912
2009 	33.85156 	35.7322
2010 	31.9051 	35.49606
2011 	33.16263 	34.53623
2012 	32.54079 	34.43025
2013 	32.1174 	34.35645
2014 	31.55915 	34.06508
2015 	33.11455 	35.6536
2016 	35.27241 	35.27342
2017 	34.39906 	34.94507
2018 	33.75 	34.61539
2019 	33.75 	35.23
